0.0100000000000000002
0.0100000000000000002
0.0100000000000000002
0
0
0
0
0.0100000000000000002
0.00628081549662998923
0
0
0.0100000000000000002
0.0100000000000000002
0.0100000000000000002
0.0100000000000000002
0.0100000000000000002
0
0.0100000000000000002
0
0.0100000000000000002
0.0100000000000000002
0
0.00681240586579979351
0.0100000000000000002
0
0.00613863370730411903
0
0.0100000000000000002
0.00370756172141198381
0.0100000000000000002
0.0100000000000000002
0
0.0100000000000000002
0.0100000000000000002
0.0100000000000000002
0.0100000000000000002
0.0100000000000000002
0
0
0.0100000000000000002
0
0.0100000000000000002
0.0100000000000000002
0
0.0100000000000000002
0
0
0
0
0.00977934183306915228
0.0100000000000000002
0
0
0
0
0
0
0.0100000000000000002
0
0
0
0
0
0.0100000000000000002
0.0100000000000000002
0.0100000000000000002
0
0.0100000000000000002
0.0100000000000000002
0
0.0100000000000000002
0.0100000000000000002
0.00791072949569740155
0.0100000000000000002
0
0.00745095393221670288
0.0100000000000000002
0
0
0.0100000000000000002
0
0
0
0.0100000000000000002
0.0100000000000000002
0
0
0.0100000000000000002
0.00325322832157365479
0
0
0
0.0100000000000000002
0
0
0.0100000000000000002
0.0100000000000000002
0.0100000000000000002
0
0
0
0.0100000000000000002
0.0100000000000000002
0.0100000000000000002
0.0100000000000000002
0.0100000000000000002
0
0
0.0100000000000000002
0
0.0100000000000000002
0.0100000000000000002
0.0100000000000000002
0
0.0100000000000000002
0.0100000000000000002
0.0100000000000000002
0.0100000000000000002
0
0.00277820780370713945
0.0100000000000000002
0
0.0100000000000000002
0.0100000000000000002
0.0100000000000000002
0.0100000000000000002
0.0100000000000000002
0
0.0100000000000000002
0.0100000000000000002
0.0100000000000000002
0.0100000000000000002
0
0.0100000000000000002
0
0
0.0100000000000000002
0.0100000000000000002
0
0
0
0
0.0100000000000000002
0
0.0100000000000000002
0
0
0.0100000000000000002
0.0100000000000000002
0.0100000000000000002
0.0100000000000000002
0.0100000000000000002
0.0100000000000000002
0.0100000000000000002
0.00867328578713452182
0.00344065791617902909
0.0100000000000000002
0.0100000000000000002
0
0
0
0.0100000000000000002
0.0100000000000000002
0.0100000000000000002
0
0.0100000000000000002
0
0
0
0.0100000000000000002
0
0.0100000000000000002
0.0100000000000000002
0.0100000000000000002
0
0
0.0100000000000000002
0
0
0.0100000000000000002
0.0100000000000000002
0
0
0
0.0100000000000000002
0.0100000000000000002
0.00932097456558107079
0.0100000000000000002
0.0100000000000000002
0
0
0.0100000000000000002
0.0100000000000000002
0.0100000000000000002
0.0100000000000000002
0
0.0100000000000000002
0.0100000000000000002
0.0100000000000000002
0.0100000000000000002
0.00910884150847341735
0.0100000000000000002
0
0.0100000000000000002
0
0
0
0.0100000000000000002
0
0.0100000000000000002
0
0
0
0
0.00490273529995115254
0.0100000000000000002
0.0100000000000000002
0
0.0100000000000000002
0
0
0
0
0.00552409139869447507
0.0100000000000000002
0
0
0.0100000000000000002
0
0.0100000000000000002
0.0100000000000000002
0.00593457967646846343
0
0
0
0
0.0100000000000000002
0
0
0.0100000000000000002
0.0100000000000000002
0.0100000000000000002
0.0100000000000000002
0
0
0.00743870613315113227
0
0.0100000000000000002
0
0.0100000000000000002
5.19396185270292691e-05
0.0100000000000000002
0
0.0100000000000000002
0.0100000000000000002
0
0
0
0
0
0.0100000000000000002
0
0.0100000000000000002
0
0.0100000000000000002
0.0100000000000000002
0
0.0100000000000000002
0.0100000000000000002
0
0
0.00231958651454724444
0.0100000000000000002
0
0
0
0.00161159106238922736
0
0
0.00153184795974931239
0
0.0100000000000000002
0.0100000000000000002
0
0
0
0.0100000000000000002
0.0100000000000000002
0.00909139878446627026
0
0.0100000000000000002
0.0100000000000000002
0.0100000000000000002
0
0
0.00363981743692735893
0.00220533635045356332
0
0.0100000000000000002
0
0
0
0.00240919562943868459
0
0
0
0.00758363910279526241
0
0
0
0.0100000000000000002
0.0100000000000000002
0
0.0100000000000000002
0
0
0.0100000000000000002
0.0100000000000000002
0
0
0
0
0
0.0100000000000000002
0.00678744995322682829
0
0
0.0100000000000000002
0.0100000000000000002
0
0
0
0.0100000000000000002
0.0100000000000000002
0.000850255641610762631
0
0
0
0
0.0056963862384857792
0.0100000000000000002
0.00944180017800151997
0
0
0
0.0100000000000000002
0.0100000000000000002
0
0
0
0.0100000000000000002
0
0
0
0
0.0100000000000000002
0
0.0100000000000000002
0.0100000000000000002
0.0100000000000000002
0.0100000000000000002
0.0100000000000000002
0
0
0.0100000000000000002
0
0
0
0
0
0
0.0100000000000000002
0
0.0100000000000000002
0.000707701255299460642
0.0100000000000000002
0.0100000000000000002
0.0100000000000000002
0
0.00328506108191929744
0.0100000000000000002
0.0100000000000000002
0
0.0100000000000000002
0
0.00337386656297718884
0.0100000000000000002
0
0.00596786812852195814
0.0100000000000000002
0.0100000000000000002
0.0100000000000000002
0.00177872149204127972
0.0100000000000000002
0
0.0100000000000000002
0
0
0.00701405465224248098
0
0.0100000000000000002
0.0100000000000000002
0
0.0100000000000000002
0.0100000000000000002
0.0100000000000000002
0
0.00236961184862872175
0.0100000000000000002
0.0100000000000000002
0
0
0
0
0.0100000000000000002
0
0
0.00938670819461282988
0.00204853368654504689
0.0100000000000000002
0
0
0
0
0
0.0100000000000000002
0.0100000000000000002
0.0100000000000000002
0.0100000000000000002
0.0100000000000000002
0.0100000000000000002
0
0
0
0.0100000000000000002
0
0.0100000000000000002
0
0
0.0100000000000000002
0.0100000000000000002
0
0
0.0100000000000000002
0
0.0100000000000000002
0
0
0.0100000000000000002
0
0
0
0.0100000000000000002
0
0.0100000000000000002
0.0100000000000000002
0
0
0.0100000000000000002
0.0100000000000000002
0
0
0.0100000000000000002
0
0
0.0100000000000000002
0
0.0100000000000000002
0
0
0.0100000000000000002
0.0100000000000000002
0
0
0.0100000000000000002
0
0.0100000000000000002
0.0100000000000000002
0
0
0.0100000000000000002
0.0100000000000000002
0.0022261099931948948
0
0.0100000000000000002
0
0
0
0
0.0100000000000000002
0
0
0
0
0.0100000000000000002
0.0100000000000000002
0
0
0.0100000000000000002
0.0100000000000000002
0
0.0100000000000000002
0.0100000000000000002
0.0100000000000000002
0.0100000000000000002
0
0
0
0
0
0
0.0100000000000000002
0.00553465231746727657
0.0100000000000000002
0.0100000000000000002
0
0
0
0
0.0100000000000000002
0.0100000000000000002
0.0100000000000000002
0
0.0100000000000000002
0
0
0
0
0
0.0100000000000000002
0.0100000000000000002
0
0.0100000000000000002
0.0100000000000000002
0
0.0100000000000000002
0
0
0.0100000000000000002
0
0.0100000000000000002
0
0
0
0
0.00269471340537910794
0.0100000000000000002
0.0100000000000000002
0
0
0
0.0100000000000000002
0
0
0
0
0.0100000000000000002
0
0
0
0
0
0
0
0
0
0.0100000000000000002
0
0
0
0
0
0.0100000000000000002
0
0
0
0
0
0.00258879351828219736
0
0
0
0
0
0
0
0
0
0.0100000000000000002
0.0100000000000000002
0
0
0
0
0
0
0.00104759448667003652
0
0
0.0100000000000000002
0
0
0
0
0.00562376659209541316
0
0
0
0
0.0100000000000000002
0
0
0
0
0
0
0
0
0
0
0
0
0
0
0
0
0
0.00802943914625040348
0
0
0
0
0.0100000000000000002
0
0
0
0
0
0
0
0
0
0
0
0
0
0
0
0
0
0
0.0100000000000000002
0
0
0
0
0
0
0.0100000000000000002
0
0
0
0.0100000000000000002
0.00115336127742449862
0.00418622912966469356
0
0
0
0
0
0
0
0
0
0
0.0100000000000000002
0
0
0
0
0
0
0
0
0
0
0
0
0
0.0100000000000000002
0.0100000000000000002
0
0
0
0
0
0
0.00374462047437967762
0
0.0100000000000000002
0
0
0
0
0
0.0100000000000000002
0
0
0
0.0100000000000000002
0
0
0
0
0
0
0
0
0
0
0
0
0
0
0
0.00825534707371331639
0
0
0
0
0
0
0
0
0
0.0100000000000000002
0
0.0100000000000000002
0
0
0
0.0100000000000000002
0
0
0
0.00559484171057415391
0
0
0
0
0
0
0
0
0
0
0
0
0
0
0
0
0
0
0
0.0100000000000000002
0
0
0
0
0
0.0100000000000000002
0
0
0
0
0
0
0
0
0
0.00629124474441780657
0
0
0.00815819619365637863
0
0
0
0
0.0100000000000000002
0
0
0
0
0.00836713882908269278
0
0
0
0
0.0100000000000000002
0
0
0
0
0
0
0
0
0
0.0100000000000000002
0
0
0
0.0100000000000000002
0.0100000000000000002
0
0
0
0
0
0
0
0
0
0
0
0
0
0
0
0
0
0
0
0
0
0
0
0
0.0100000000000000002
0
0.0100000000000000002
0
0.0100000000000000002
0
0
0
0
0
0
0
0
0
0
0
0
0
0
0
0
0
0.0100000000000000002
0
0
0.0100000000000000002
0
0
0
0.0100000000000000002
0
0
0
0
0
0
0
0.00132257717903206187
0
0
0
0
0
0
0
0
0
0
0.0100000000000000002
0.0100000000000000002
0
0
0
0
0
0.0100000000000000002
0
0.0100000000000000002
0
0
0
0
0.0100000000000000002
0.00990345389624342452
0
0
0
0.0100000000000000002
0
0
0
0
0
0.0100000000000000002
0
0
0
0
0
0
0.0100000000000000002
0
0
0
0.00257081425074182773
0
0.0100000000000000002
0
0
0.0100000000000000002
0
0.00374088438003275688
0.0100000000000000002
0
0
0.0100000000000000002
0
0.0100000000000000002
0.00563538495861127392
0.0100000000000000002
0
0
0
0
0.0100000000000000002
0
0
0
0
0
0
0
0
0.00931936557557898858
0
0
0
0
0
0.0100000000000000002
0.00152968911133743177
0.000661991599617901133
0
0
0
0
0
0
0
0
0
0
0
0.00541828226904478467
0.0100000000000000002
0
0
0
0.0100000000000000002
0
0
0
0
0
0
0
0.00189663891088023839
0
0
0
0
0
0
0
0
0
0
0.0076505634703538869
0
0.0100000000000000002
0
0
0
0
0
0
0
0
0
0.0100000000000000002
0
0
0
0
0
0
0.0100000000000000002
0
0
0
0
0
0.0100000000000000002
0
0
0
0.0100000000000000002
0
0
0
0
0.0100000000000000002
0
0
0.0100000000000000002
0
0
0
0
0
0
0
0.0100000000000000002
0
0
0
0.0100000000000000002
0
0
0
0
-0.0100000000000000002
-0.0100000000000000002
-0.0100000000000000002
-0.0100000000000000002
-0
-0.0100000000000000002
-0.0100000000000000002
-0
-0
-0.0100000000000000002
-0.0100000000000000002
-0.0100000000000000002
-0.00813935352939298973
-0.00580228427395471785
-0.00268568519140015933
-0.0100000000000000002
-0
-0.0100000000000000002
-0.009709530358630045
-0
-0
-0.0100000000000000002
-0
-0.0100000000000000002
-0
-0.00367108654638812967
-0.0100000000000000002
-0
-0
-0
-0.0100000000000000002
-0.0100000000000000002
-0.0100000000000000002
-0.0100000000000000002
-0
-0
-0.0100000000000000002
-0
-0
-0.0048452933381633069
-0.0100000000000000002
-0
-0.0100000000000000002
-0
-0.00584687947775961933
-0.0100000000000000002
-0
-0
-0
-0
-0.0100000000000000002
-0
-0.0100000000000000002
-0
-0.0100000000000000002
-0.0100000000000000002
-0
-0.0100000000000000002
-0
-0
-0.0100000000000000002
-0.00642834339141154336
-0
-0
-0
-0.0100000000000000002
-0
-0.00126439634253474112
-0
-0.0100000000000000002
-0
-0
-0
-0.00873402051688821658
-0.0100000000000000002
-0.0100000000000000002
-0
-0
-0
-0.0100000000000000002
-0
-0.0100000000000000002
-0
-0.0100000000000000002
-0
-0.0100000000000000002
-0
-0.0100000000000000002
-0.0100000000000000002
-0
-0
-0
-0.0100000000000000002
-0
-0.00467019686344992933
-0.0100000000000000002
-0
-0
-0.0100000000000000002
-0.0100000000000000002
-0.0100000000000000002
-0.00960404820098518554
-0
-0
-0.0100000000000000002
-0.0100000000000000002
-0
-0.0100000000000000002
-0.0100000000000000002
-0
-0.0100000000000000002
-0
-0
-0
-0
-0
-0.0100000000000000002
-0
-0
-0
-0.0100000000000000002
-0
-0.0100000000000000002
-0.0100000000000000002
-0
-0
-0
-0
-0.00771869431668774277
-0
-0
-0
-0
-0.0100000000000000002
-0
-0.0100000000000000002
-0.0100000000000000002
-0
-0.0100000000000000002
-0.0100000000000000002
-0.0100000000000000002
-0
-0
-0
-0
-0
-0
-0
-0
-0.0100000000000000002
-0
-0.0100000000000000002
-0
-0
-0.0100000000000000002
-0
-0
-0
-0.0100000000000000002
-0
-0.008688882693206227
-0
-0
-0.0100000000000000002
-0
-0
-0
-0.0100000000000000002
-0
-0.00394389856313603904
-0
-0.0100000000000000002
-0.0100000000000000002
-0
-0.0100000000000000002
-0
-0.0030116035266105276
-0.00770650789545390333
-0.0100000000000000002
-0
-0
-0
-0
-0.00907194828024683597
-0.0100000000000000002
-0
-0
-0
-0
-0.0100000000000000002
-0.0100000000000000002
-0
-0
-0.00214382251548697524
-0
-0.0100000000000000002
-0
-0.0100000000000000002
-0.0100000000000000002
-0
-0.0100000000000000002
-0
-0
-0
-0.00621610200770555087
-0
-0
-0.0100000000000000002
-0
-0.0100000000000000002
-0
-0.0100000000000000002
-0.00186132031565071267
-0.0100000000000000002
-0.0100000000000000002
-0.00592536389380080974
-0
-0.0100000000000000002
-0.0100000000000000002
-0.00144893877096713528
-0.0100000000000000002
-0
-0
-0.0100000000000000002
-0
-0.0100000000000000002
-0.0100000000000000002
-0.0100000000000000002
-0.0100000000000000002
-0.0100000000000000002
-0
-0.0100000000000000002
-0.0100000000000000002
-0.0100000000000000002
-0.0100000000000000002
-0
-0
-0
-0.0100000000000000002
-0.0100000000000000002
-0
-0.0047623945753720821
-0.0100000000000000002
-0.00400752654717701634
-0
-0
-0
-0.00800342926507302196
-0
-0
-0
-0.0100000000000000002
-0.0100000000000000002
-0.0100000000000000002
-0.0100000000000000002
-0
-0.0100000000000000002
-0
-0.0100000000000000002
-0.00461867830508926221
-0
-0
-0.0100000000000000002
-0.0100000000000000002
-0
-0
-0
-0.0100000000000000002
-0
-0
-0.0100000000000000002
-0.0100000000000000002
-0.0100000000000000002
-0
-0
-0.0100000000000000002
-0.0100000000000000002
-0.00597209242245435104
-0
-0
-0.00427983662283449619
-0
-0.00627107444278751126
-0.0100000000000000002
-0
-0.0100000000000000002
-0.0100000000000000002
-0.0100000000000000002
-0
-0.0100000000000000002
-0.0100000000000000002
-0.0100000000000000002
-0
-0.0100000000000000002
-0
-0.0100000000000000002
-0.0100000000000000002
-0.0100000000000000002
-0.0100000000000000002
-0.0100000000000000002
-0.0100000000000000002
-0
-0.0100000000000000002
-0.0100000000000000002
-0
-0
-0.0100000000000000002
-0
-0
-0
-0
-0
-0
-0.0100000000000000002
-0
-0.0100000000000000002
-0.0100000000000000002
-0.0100000000000000002
-0.000887330626410627555
-0.0100000000000000002
-0.0100000000000000002
-0.0100000000000000002
-0.0100000000000000002
-0.0100000000000000002
-0
-0.0100000000000000002
-0.0100000000000000002
-0
-0.0100000000000000002
-0.0100000000000000002
-0.0100000000000000002
-0.0100000000000000002
-0.0100000000000000002
-0
-0
-0
-0.0100000000000000002
-0.00264209443044666464
-0
-0.0100000000000000002
-0
-0
-0
-0
-0
-0.0100000000000000002
-0.0100000000000000002
-0
-0.0100000000000000002
-0
-0
-0.0100000000000000002
-0
-0.0100000000000000002
-0.0100000000000000002
-0.0100000000000000002
-0
-0
-0.00841097903322806512
-0
-0
-0.0100000000000000002
-0.0100000000000000002
-0.0100000000000000002
-0.00111671660126619852
-0.00127786021587796179
-0.0100000000000000002
-0.0100000000000000002
-0
-0
-0
-0
-0
-0.00709341639673644921
-0
-0.0100000000000000002
-0.00197457350616055604
-0.0100000000000000002
-0.0100000000000000002
-0
-0.00749332786594665394
-0.0100000000000000002
-0
-0
-0.0100000000000000002
-0
-0
-0
-0.00330702278040204134
-0.0100000000000000002
-0.0100000000000000002
-0
-0.00331513516911862219
-0.0100000000000000002
-0.0100000000000000002
-0.0100000000000000002
-0
-0.0100000000000000002
-0
-0.0100000000000000002
-0.0100000000000000002
-0.0100000000000000002
-0.0100000000000000002
-0
-0.00783265208938297396
-0.0100000000000000002
-0.00546976091597043031
-0
-0.0100000000000000002
-0.0100000000000000002
-0.0100000000000000002
-0
-0.00869022045347497656
-0.0100000000000000002
-0.0100000000000000002
-0.00423594507945146935
-0
-0
-0.00180268176752612468
-0
-0
-0
-0
-0.0100000000000000002
-0
-0.0100000000000000002
-0
-0.0100000000000000002
-0.0100000000000000002
-0.0100000000000000002
-0.0100000000000000002
-0.0100000000000000002
-0.0100000000000000002
-0
-0.0100000000000000002
-0.0100000000000000002
-0
-0.0100000000000000002
-0
-0
-0
-0
-0.00701457385933187526
-0.0100000000000000002
-0
-0
-0
-0.00764823635556572193
-0
-0.0100000000000000002
-0
-0.0100000000000000002
-0.0100000000000000002
-0
-0
-0.0100000000000000002
-0.0100000000000000002
-0.0100000000000000002
-0
-0.0100000000000000002
-0
-0
-0
-0
-0.0100000000000000002
-0
-0.00566422119050919576
-0
-0.0100000000000000002
-0.0100000000000000002
-0.0100000000000000002
-0
-0.0100000000000000002
-0
-0.0100000000000000002
-0.0100000000000000002
-0
-0
-0
-0
-0.0100000000000000002
-0.0100000000000000002
-0
-0
-0.0100000000000000002
-0
-0.0100000000000000002
-0
-0
-0
-0
-0.0100000000000000002
-0.00849484322432958634
-0
-0.0100000000000000002
-0
-0.0100000000000000002
-0.0100000000000000002
-0
-0.0100000000000000002
-0.0100000000000000002
-0
-0
-0
-0
-0
-0
-0
-0.0100000000000000002
-0
-0
-0
-0.0100000000000000002
-0
-0
-0
-0
-0
-0
-0
-0
-0.000355826770629998621
-0.0100000000000000002
-0
-0.0100000000000000002
-0.0100000000000000002
-0
-0
-0
-0
-0
-0
-0.0100000000000000002
-0
-0
-0
-0
-0
-0
-0
-0
-0
-0.0100000000000000002
-0
-0.0100000000000000002
-0
-0
-0
-0
-0.0100000000000000002
-0
-0
-0
-0
-0
-0
-0
-0.0100000000000000002
-0
-0
-0
-0.000365213128047878373
-0.0100000000000000002
-0
-0
-0
-0
-0
-0
-0
-0
-0
-0
-0
-0
-0
-0.00154201782487830923
-0
-0
-0
-0.0100000000000000002
-0
-0
-0.0100000000000000002
-0
-0
-0
-0
-0
-0.0100000000000000002
-0
-0
-0
-0
-0
-0
-0.0100000000000000002
-0
-0
-0
-0
-0
-0.0100000000000000002
-0
-0
-0
-0
-0
-0.0100000000000000002
-0
-0
-0
-0
-0
-0.00911258287881312051
-0
-0
-0.0100000000000000002
-0
-0
-0
-0
-0
-0
-0
-0
-0.0100000000000000002
-0.00422010406572771897
-0
-0
-0
-0
-0
-0.0100000000000000002
-0
-0
-0
-0.0100000000000000002
-0
-0
-0
-0
-0
-0.0100000000000000002
-0
-0
-0
-0
-0
-0
-0.0100000000000000002
-0
-0
-0
-0
-0
-0
-0
-0
-0
-0
-0
-0
-0
-0
-0
-0
-0.0100000000000000002
-0
-0
-0
-0.0100000000000000002
-0
-0
-0
-0
-0
-0.0100000000000000002
-0
-0.0100000000000000002
-0
-0
-0
-0.00379075239672025614
-0
-0
-0
-0
-0
-0
-0
-0
-0
-0.00189527119170226086
-0
-0
-0.0100000000000000002
-0.0100000000000000002
-0.0100000000000000002
-0
-0
-0
-0
-0
-0
-0
-0.0100000000000000002
-0.0100000000000000002
-0
-0
-0
-0
-0
-0
-0
-0
-0
-0
-0
-0
-0.0100000000000000002
-0
-0
-0
-0
-0
-0
-0
-0
-0.0100000000000000002
-0.0100000000000000002
-0.0100000000000000002
-0
-0
-0
-0
-0
-0
-0
-0
-0.0100000000000000002
-0.0100000000000000002
-0
-0
-0
-0.0069929891230947859
-0.0100000000000000002
-0
-0
-0.0100000000000000002
-0
-0
-0.0100000000000000002
-0
-0
-0
-0.0100000000000000002
-0
-0
-0
-0
-0
-0
-0
-0
-0.0100000000000000002
-0
-0
-0
-0
-0
-0.0100000000000000002
-0.0100000000000000002
-0
-0.0100000000000000002
-0
-0
-0
-0
-0.0100000000000000002
-0.0100000000000000002
-0
-0
-0
-0
-0
-0.0100000000000000002
-0
-0
-0
-0
-0
-0
-0
-0.0100000000000000002
-0
-0
-0
-0
-0
-0
-0
-0
-0
-0
-0
-0
-0
-0
-0
-0
-0.0100000000000000002
-0
-0
-0.0100000000000000002
-0
-0.0100000000000000002
-0
-0
-0
-0
-0
-0
-0.0100000000000000002
-0
-0
-0
-0
-0
-0
-0
-0
-0
-0
-0
-0
-0.0100000000000000002
-0
-0
-0
-0
-0
-0
-0.0100000000000000002
-0
-0
-0
-0.0100000000000000002
-0
-0
-0
-0
-0
-0
-0
-0
-0
-0
-0
-0
-0.00770026849484953518
-0
-0
-0
-0
-0
-0
-0.0100000000000000002
-0.00933478265530002412
-0
-0
-0
-0
-0
-0
-0.00146586153283788812
-0
-0
-0
-0.0100000000000000002
-0
-0.0100000000000000002
-0.00846593941971048557
-0
-0
-0
-0
-0
-0
-0
-0
-0.0100000000000000002
-0
-0
-0
-0
-0
-0
-0
-0
-0
-0
-0
-0
-0
-0
-0
-0
-0.0100000000000000002
-0
-0
-0.0100000000000000002
-0
-0
-0.0100000000000000002
-0.0100000000000000002
-0
-0
-0
-0
-0
-0
-0.0100000000000000002
-0
-0
-0
-0
-0
-0.0100000000000000002
-0
-0
-0
-0
-0
-0
-0
-0.0100000000000000002
-0
-0
-0
-0.0100000000000000002
-0
-0
-0
-0
-0
-0
-0
-0
-0
-0
-0.0100000000000000002
-0
-0
-0
-0.0100000000000000002
-0
-0
-0.0100000000000000002
-0
-0.0100000000000000002
-0
-0
-0.00459210063073844238
-0.0100000000000000002
-0
-0
-0.0100000000000000002
-0.0100000000000000002
-0
-0
-0
-0.0100000000000000002
-0
-0
-0
-0
-0
-0
-0
-0.0100000000000000002
-0
-0
-0.00267604747044423996
-0
-0
-0
-0
-0
-0
-0
-0.0100000000000000002
-0
-0.0100000000000000002
-0
-0
-0
-0.00215860868010208512
-0
-0
-0
-0.0100000000000000002
-0
-0
-0
-0
-0.0100000000000000002
-0
-0
-0.00569428167944405206
-0
-0.0100000000000000002
-0
-0
-0
-0
-0
-0
-0
-0
-0
-0
-0
-0
-0
-0
-0
-0
-0
-0
-0
-0
-0
-0
-0
-0
-0
-0
-0
-0
-0
-0
-0
-0.00896634383530137136
-0
-0
-0
-0
-0
-0
